2018-05-08T11:52:15.736
2002
99
99
24
24
2
InGame.png
1 0 0
1 0 0
1 0 0
1 0 0
1 0 0
1 0 1
0 0 M
0 0 2
0 0 M
0 0 M
0 0 1
0 0 0
0 0 0
0 0 1
0 0 1
0 0 1
0 0 0
0 0 0
0 0 1
0 0 1
0 0 1
0 0 1
0 0 M
0 0 1
1 0 0
1 0 0
1 0 0
1 0 0
1 0 0
1 0 1
1 0 1
1 0 2
1 0 2
1 0 3
0 0 2
0 0 1
0 0 0
0 0 1
0 0 M
0 0 1
0 0 1
0 0 1
0 0 2
0 0 M
0 0 1
0 0 1
0 0 1
0 0 1
1 0 1
1 0 1
1 0 0
1 0 0
1 0 0
1 0 0
1 0 0
1 0 0
1 0 0
1 0 1
0 0 M
0 0 1
0 0 1
0 0 2
0 0 2
0 0 1
0 0 1
0 0 M
0 0 2
0 0 1
0 0 1
0 0 0
0 0 0
0 0 0
0 0 M
1 0 1
1 0 0
1 0 1
1 0 1
1 0 1
1 0 1
1 0 1
1 0 1
1 0 1
0 0 1
0 0 1
0 0 1
0 0 M
0 0 1
0 0 0
0 0 1
0 0 1
0 0 1
0 0 1
0 0 1
0 0 1
0 0 0
0 0 0
0 0 2
1 0 2
1 0 1
1 0 1
0 0 M
0 0 1
0 0 1
0 0 M
0 0 1
0 0 0
0 0 0
0 0 0
0 0 1
0 0 1
0 0 1
0 0 0
0 0 0
0 0 0
0 0 0
0 0 2
0 0 M
0 0 2
0 0 0
0 0 0
0 0 2
0 0 M
0 0 2
0 0 3
0 0 3
0 0 3
0 0 2
0 0 2
0 0 1
0 0 0
0 0 0
0 0 0
0 0 0
0 0 0
0 0 1
0 0 2
0 0 2
0 0 1
0 0 0
0 0 2
0 0 M
0 0 3
0 0 1
0 0 0
0 0 M
0 0 3
0 0 2
0 0 M
0 0 M
0 0 2
0 0 M
0 0 1
0 0 0
0 0 0
0 0 0
0 0 0
0 0 0
0 0 1
0 0 3
0 0 M
0 0 M
0 0 2
0 0 0
0 0 1
0 0 2
0 0 M
0 0 3
0 0 2
0 0 M
0 0 3
0 0 1
0 0 2
0 0 2
0 0 3
0 0 2
0 0 3
0 0 1
0 0 1
0 0 0
0 0 0
0 0 0
0 0 1
0 0 M
0 0 M
0 0 M
0 0 2
0 0 0
0 0 0
0 0 1
0 0 2
0 0 M
0 0 M
0 0 M
0 0 2
0 0 0
0 0 1
0 0 1
0 0 2
0 0 M
0 0 3
0 0 M
0 0 2
0 0 0
0 0 0
0 0 0
0 0 1
0 0 4
0 0 M
0 0 4
0 0 1
0 0 0
0 0 0
0 0 0
0 0 1
0 0 2
0 0 2
0 0 2
0 0 2
0 0 1
0 0 1
0 0 M
0 0 3
0 0 2
0 0 3
0 0 M
0 0 2
0 0 0
0 0 0
0 0 0
0 0 0
0 0 2
0 0 M
0 0 2
0 0 1
0 0 1
0 0 2
0 0 1
0 0 1
0 0 0
0 0 0
0 0 1
0 0 M
0 0 3
0 0 3
0 0 3
0 0 M
0 0 1
0 0 1
0 0 1
0 0 1
0 0 0
0 0 0
0 0 0
0 0 0
0 0 1
0 0 1
0 0 1
0 0 1
0 0 M
0 0 2
0 0 M
0 0 1
0 0 0
0 0 0
0 0 1
0 0 3
0 0 M
0 0 M
0 0 2
0 0 1
0 0 1
0 0 0
0 0 0
0 0 0
0 0 1
0 0 1
0 0 1
0 0 1
0 0 1
0 0 1
0 0 1
0 0 2
0 0 2
0 0 2
0 0 1
0 0 1
0 0 0
0 0 0
0 0 0
0 0 2
0 0 M
0 0 3
0 0 1
0 0 0
0 0 0
0 0 0
0 0 0
0 0 0
0 0 1
0 0 M
0 0 1
0 0 1
0 0 M
0 0 1
0 0 1
0 0 M
0 0 1
0 0 0
0 0 1
0 0 1
0 0 2
0 0 1
0 0 1
0 0 3
0 0 3
0 0 2
0 0 1
0 0 2
0 0 2
0 0 1
0 0 0
0 0 0
0 0 1
0 0 1
0 0 2
0 0 2
0 0 2
0 0 1
0 0 1
0 0 1
0 0 2
0 0 1
0 0 2
0 0 M
0 0 2
0 0 M
0 0 1
0 0 M
0 0 M
0 0 2
0 0 3
0 0 M
0 0 M
0 0 1
0 0 0
0 0 1
0 0 1
0 0 1
0 0 1
0 0 M
0 0 2
0 0 1
0 0 1
0 0 0
0 0 1
0 0 M
0 0 2
0 0 2
0 0 3
0 0 2
0 0 2
0 0 3
0 0 3
0 0 3
0 0 M
0 0 M
0 0 4
0 0 2
0 0 1
0 0 2
0 0 M
0 0 2
0 0 2
0 0 2
0 0 2
0 0 M
0 0 2
0 0 1
0 0 1
0 0 1
0 0 1
0 0 1
0 0 M
0 0 1
0 0 1
0 0 M
0 0 1
0 0 2
0 0 M
0 0 M
0 0 2
0 0 1
0 0 M
0 0 3
0 0 3
0 0 5
0 0 M
0 0 3
0 0 3
0 0 3
0 0 M
0 0 2
0 0 1
0 0 1
0 0 0
0 0 2
0 0 2
0 0 2
0 0 1
0 0 1
0 0 1
0 0 1
0 0 2
0 0 2
0 0 1
0 0 1
0 0 2
0 0 3
0 0 M
0 0 M
0 0 M
0 0 M
0 0 2
0 0 M
0 0 2
0 0 2
0 0 M
0 0 2
0 0 1
0 0 2
0 0 M
0 0 2
0 0 0
0 0 1
0 0 1
0 0 1
0 0 0
0 0 0
0 0 0
0 0 0
0 0 1
0 0 M
0 0 3
0 0 3
0 0 4
0 0 3
0 0 3
0 0 1
0 0 1
0 0 1
0 0 2
0 0 M
0 0 1
0 0 2
0 0 M
0 0 2
0 0 1
0 0 2
0 0 M
0 0 2
0 0 1
0 0 2
0 0 2
0 0 2
0 0 2
0 0 1
0 0 2
0 0 2
0 0 4
0 0 M
0 0 4
0 0 2
0 0 1
0 0 0
0 0 2
0 0 2
0 0 3
0 0 2
0 0 2
0 0 1
0 0 1
0 0 M
0 0 2
0 0 2
0 0 M
0 0 2
0 0 M
0 0 M
0 0 1
0 0 0
0 0 1
0 0 M
0 0 M
0 0 M
0 0 M
0 0 M
0 0 1
0 0 0
0 0 1
0 0 M
0 0 3
0 0 M
0 0 2
0 0 1
0 0 1
0 0 2
0 0 2
0 0 2
0 0 1
0 0 2
0 0 2
0 0 2
0 0 1
0 0 1
0 0 2
0 0 4
0 0 M
0 0 M
0 0 4
0 0 2
0 0 2
0 0 1
0 0 2
0 0 3
0 0 M
0 0 3
0 0 2
0 0 M
0 0 0
0 0 1
0 0 M
0 0 1
0 0 0
0 0 1
0 0 1
0 0 1
0 0 1
0 0 2
0 0 M
0 0 2
0 0 3
0 0 3
0 0 2
0 0 0
0 0 1
0 0 M
0 0 2
0 0 3
0 0 M
0 0 2
0 0 1
0 0 1
0 0 0
0 0 1
0 0 1
0 0 1
0 0 0
0 0 1
0 0 M
0 0 1
0 0 1
0 0 M
0 0 2
0 0 1
0 0 1
0 0 M
0 0 1
0 0 0
0 0 1
0 0 2
0 0 M
0 0 2
0 0 1
0 0 1
0 0 0
0 0 0
